10202
1023
53
4
220
10
1411
10401104
80
1101
1
184
1
38334
313202
23
12211001
0
11100010
1
21211
144
308276
23341524
61
5853164
36
111011
10101100
2788
173677
25701722
220330
1141
0
1103052
144502
134
1220120
10
0
3204
544889
126042
1572
1015
12002
20
34401
274
22457830
110202
10
1002
2013
176624
103104
211322
101323
10
3
3023
2286519
23256140
43
11
1111
1321
112
3232
23
110001
1423137
3300
2413063
1
2111
0
285064
1411
120
0
1
0
4121
0
21
26
11111
1
456
211112
30
10
0
200020
32310131
204
11000
2523320
30553484
46
1001000
30
0
230242
688
42623265
430
1310133
56322177
5
16
1442
120
0
440
445
255
2
143
11022
8
2434
805
2
1111
10553560
0
1
217220
1
463349
117
100000
1
21
10
1
112566
216
2
110
1
11
0
112
41386
118
465
11111
44864
1
0
122111
10055
13035
101003
12002
5343
74535
230
76720
100200
12431
39957
56250
204214
665
200
533
24607136
22
53
10455
10
143124
0
11
133
10101100
45720535
3320243
0
1012403
30442213
10
2
33651
1
12031
2636488
506
23404
5400
2002
0
1145240
1
350205
30022
4
111
184
2031153
1333
1
25005125
1
1
202022
131124
4625411
1215
13202
1
10
1120
111100
1111
604
1081
1302
23
22434
42410
2210
13
0
1
0
2
101
0
23016811
12101
7386007
45170903
140
1250025
10
1235
13332171
10111011
0
247
16715
4406
102
0
211
141571
421
3826163
42
12
24
514
1381817
280341
40
10
54
101
1
1001000
264266
0
1
1031
1930955
606
33459067
1888
21842
814
202
3401
101
2303542
41324
242201
96621509
431
3755
13111
25256
1
3122
4120
145
537353
0
464263
252
410077
0
14010
100
10010
113
63602
110
0
362776
214
1032020
100001
1
11
25
824
10111100
21013
6361
0
222001
11010110
62113293
204121
1115125
111101
153
1353750
224115
0
331023
26
7
3511
1000011
312
548
3
35
3234634
16
0
25242
160564
4127
240040
5
1
550085
3041
3441
1
150
7
83001676
41746915
1107501
444737
23
1
110
12013424
1200
202
11001000
220002
41664
1300
2025444
481720
1
5113
0
155
1
59353
33341
2
44004
333300
100
23123301
23
1425
14258430
659
3213
1187099
179
2304162
101100
0
54
2
55530909
212
11620
30
141421
1101
11333
17
302504
1100
22312
3545425
4815388
101614
102122
0
1
111
1022
12013
0
11
10110110
11
23564
0
33
2
0
0
3320
452
621605
0
0
11111001
21202
35
1010320
10122
112
11
0
839
8920
1423203
56
150252
1020
20
201552
1314
10001110
3
202
3234
0
0
132
443
22210221
10043
248
11120
3
145
221
1744
254
0
10101
222672
311122
1101
26043
377206
2110102
0
3961
45
3221323
12200
10100
1001
101
423
166
45
40
322
257570
1073
11
782
102
0
23
1631
5043443
0
232622
1132132
20224243
101001
11
37024
0
22765
4
13113000
133
1764
10131212
0
1016402
1100023
41606555
10011100
10
43817840
4799
3011
14342
110
20033602
31235
55363
43
1801
0
451
1118878
23212615
223446
2542
0
467713
55001002
1524140
10010
0
0
5253716
127
11111001
33
0
1110
311
220014
4060560
1393515
11
412629
0
12
4321
11011011
105
54037
3117241
24512
20631025
97029
40461
2
111001
1010
3413421
40323
0
0
123440
10130245
3
1072
12
36736
13
640
3571
4259265
216
0
3102
0
34124
122
11011
11133340
4
234400
113
102
2014403
10
1000001
14
2385
23
34
3
1022202
64
17126491
1
45164
382
13
42022246
643
0
533100
304142
243
11
3440
342022
1110
19776
0
24001
112102
3020
0
1424441
102220
20
1
11
2333
0
101122
110221
135636
100001
0
0
12000401
0
36
113351
0
223135
3053143
11
1100
1936800
1
1
10001011
17
12
12224
157276
0
1512
18545
0
1
12
1112032
571015
10111110
100110
2577055
214414
11200
3
51618
2141
16
1000122
532
1100
102140
64351
12354
1065466
12
1000
0
20
100101
444
23267
205
521120
4
100
1110
220022
36066
10
546525
41301330
153442
2
4
141
4142023
33
220
6250
1055143
2
1423
3640051
0
432
12132
0
11010000
211100
2020
22
7114
2021
16
646
1100101
205
612
2330340
1251703
3634004
1110
244453
110
7
1004554
1101000
416411
100110
33082
2311
1001
3032
241
10224
61
33271
212010
35
1
1
111
0
34
2
12143422
11110011
40402
0
0
0
23222
240507
202333
2221
10
0
11000
2236561
0
34
20
62534323
111011
10
45053333
437611
203
5
1
220
62141
5
3344260
20545
510
166152
1
2241000
10010012
101222
232444
2381
11101123
2
1551423
33
124
0
16034
24
2489083
23
164053
0
36037143
42443
10761773
1031
1140
34214102
10202
306372
0
10
1001
5460
21
3222034
2015107
27425
4075950
1
11444
11236141
14704249
12424210
1
22254
161223
17617
41431
1426605
1000404
1
126835
16
3031434
3
0
1
13198186
2100
4051037
0
1
1200121
10110110
636
111323
11
13111
2112000
24
0
458
0
1
10427
30234460
10110
2666196
1320223
300607
2
11010
106775
176
140
1131032
23
6262271
101011
11022
40417
24
1541604
13877
2423
22
33033
2342232
101
3120330
64743
22
2
1320
310
605
150401
2105
41411
6
18
120
10115
45
1040211
252
1111
670
11
43334
37488588
1
22034543
4444441
121
4
10100011
1
463155
0
39483703
202
1000
1011
2423
11211
1404243
1609
11030
60
30230
430
54
4724
1304
35353
2111044
10100100
11
2
25443
28123
64866779
12
3231112
253
2031
204
100
224
310203
4423
1001122
231
4306455
125
1
1220
2561247
3
8076
230
1
2334033
11101
2101
1
23144203
4502
52
10011
11110
135270
34
1210
43511
0
4020
1
3101
1226
624
1
23045
21434
10111010
241
12045
37087539
124
19532713
1110
4222
1120202
408
504
0
2030
255
0
220201
35
6025227
20861571
34653
76806
1
454
5124611
26662026
20224
53167
2011
1
3523167
10
0
1982148
44
1110001